4501899 100000
868755 200000
8355042 300000
3981162 400000
5961931 500000
5966191 600000
9087328 700000
10741309 800000
11649106 900000
9939601 1000000
12661106 1100000
11840471 1200000
13044186 1300000
14429557 1400000
16689412 1500000
15756960 1600000
16188440 1700000
17393831 1800000
18018142 1900000
19803984 2000000
24719483 2100000
21174758 2200000
25614429 2300000
215245025 2400000
35459674 2500000
33552658 2600000
26518035 2700000
26593883 2800000
32440576 2900000
33689967 3000000
36401414 3100000
47090831 3200000
56100915 3300000
40477700 3400000
35386899 3500000
37398049 3600000
47755371 3700000
37171414 3800000
55136337 3900000
36761236 4000000
43119097 4100000
39218671 4200000
48883377 4300000
47298260 4400000
42028736 4500000
48695365 4600000
46003613 4700000
45908558 4800000
51225085 4900000
47882413 5000000
49324844 5100000
61139545 5200000
51074299 5300000
50361987 5400000
53357271 5500000
53471321 5600000
53762838 5700000
55884057 5800000
55938115 5900000
100863098 6000000
57939208 6100000
58209982 6200000
59200052 6300000
59668058 6400000
62919380 6500000
62424834 6600000
61963043 6700000
64814592 6800000
68988516 6900000
64627837 7000000
67036942 7100000
67260224 7200000
69072187 7300000
78178511 7400000
69280453 7500000
70823736 7600000
88525637 7700000
75299724 7800000
93608824 7900000
84231586 8000000
83113147 8100000
88473395 8200000
79743934 8300000
79777178 8400000
81985350 8500000
81153262 8600000
83038208 8700000
86907834 8800000
84942360 8900000
91725554 9000000
86715281 9100000
87772817 9200000
140147002 9300000
98034387 9400000
107827252 9500000
121960124 9600000
113785411 9700000
111300668 9800000
112761329 9900000
98963626 10000000

