8639856 100000
25426137 200000
18503190 300000
20792517 400000
193464882 500000
29236537 600000
34715166 700000
44045612 800000
156525829 900000
52890381 1000000
50390273 1100000
166614681 1200000
61353398 1300000
66606021 1400000
217605869 1500000
95286901 1600000
190381250 1700000
117633106 1800000
192552754 1900000
99726641 2000000
239594906 2100000
102872083 2200000
243376323 2300000
114012605 2400000
272934409 2500000
129078835 2600000
124942904 2700000
284156925 2800000
261682560 2900000
146568838 3000000
341063599 3100000
233037439 3200000
157924052 3300000
160163443 3400000
330627775 3500000
395583168 3600000
317820701 3700000
311942579 3800000
303070642 3900000
351319371 4000000
403286661 4100000
431260817 4200000
369289253 4300000
212870490 4400000
302635810 4500000
221757374 4600000
438298792 4700000
453689645 4800000
506418483 4900000
418275997 5000000
432064619 5100000
442700748 5200000
502110604 5300000
457541042 5400000
516050504 5500000
479111870 5600000
488766729 5700000
475830727 5800000
470581107 5900000
501691626 6000000
557688826 6100000
484561585 6200000
533048264 6300000
557501093 6400000
471112041 6500000
570399031 6600000
538817293 6700000
553808236 6800000
460261569 6900000
577606022 7000000
563161799 7100000
649142908 7200000
524849318 7300000
610276865 7400000
564292598 7500000
598218768 7600000
629321603 7700000
633380011 7800000
540029808 7900000
619007235 8000000
550485537 8100000
614737976 8200000
528317566 8300000
596830044 8400000
543831339 8500000
701575619 8600000
643279593 8700000
813175977 8800000
604820934 8900000
613690497 9000000
667000624 9100000
606702109 9200000
568244428 9300000
819438923 9400000
649336927 9500000
597128196 9600000
841753630 9700000
858243087 9800000
682670773 9900000
761030173 10000000

